
".MODEL_1.Last_Run.PART_5_XFORM.TIME"	".MODEL_1.Last_Run.PART_5_XFORM.X"	".MODEL_1.Last_Run.PART_5_XFORM.Y"	".MODEL_1.Last_Run.PART_5_XFORM.Z"	".MODEL_1.Last_Run.PART_5_XFORM.PSI"	".MODEL_1.Last_Run.PART_5_XFORM.THETA"	".MODEL_1.Last_Run.PART_5_XFORM.PHI"	".MODEL_1.Last_Run.PART_5_XFORM.VX"	".MODEL_1.Last_Run.PART_5_XFORM.VY"	".MODEL_1.Last_Run.PART_5_XFORM.VZ"	".MODEL_1.Last_Run.PART_5_XFORM.WX"	".MODEL_1.Last_Run.PART_5_XFORM.WY"	".MODEL_1.Last_Run.PART_5_XFORM.WZ"	".MODEL_1.Last_Run.PART_5_XFORM.ACCX"	".MODEL_1.Last_Run.PART_5_XFORM.ACCY"	".MODEL_1.Last_Run.PART_5_XFORM.ACCZ"	".MODEL_1.Last_Run.PART_5_XFORM.WDX"	".MODEL_1.Last_Run.PART_5_XFORM.WDY"	".MODEL_1.Last_Run.PART_5_XFORM.WDZ"
0.000000e+00	1.387779e-17	6.938894e-18	2.775558e-17	-7.016709e-15	0.000000e+00	0.000000e+00	3.141593e-02	-3.490659e-02	-1.396263e-02	8.000000e+00	-4.000000e+00	1.000000e+01	3.132365e-02	-3.069687e-03	-3.758701e-02	-3.247905e+00	-9.371622e+00	1.437906e+00
5.000000e-02	1.609608e-03	-1.748220e-03	-7.450455e-04	-2.787841e+01	4.490520e-01	2.837999e+01	3.263440e-02	-3.494225e-02	-1.541057e-02	7.881844e+00	-4.353648e+00	1.005553e+01	3.095164e-02	-2.161605e-03	-3.718891e-02	-3.228368e+00	-9.317791e+00	1.258790e+00
1.000000e-01	3.295388e-03	-3.500602e-03	-1.582457e-03	-2.916938e+01	9.019402e-01	3.017540e+01	3.403647e-02	-3.498023e-02	-1.710109e-02	7.732151e+00	-4.775080e+00	1.010583e+01	2.628197e-02	-3.709307e-05	-3.150795e-02	-2.722457e+00	-7.840973e+00	9.088080e-01
1.500000e-01	5.055471e-03	-5.253840e-03	-2.510760e-03	-3.043799e+01	1.359340e+00	3.195064e+01	3.520903e-02	-3.492334e-02	-1.850085e-02	7.611200e+00	-5.120880e+00	1.014333e+01	2.354644e-02	1.253195e-03	-2.795851e-02	-2.353851e+00	-6.940902e+00	7.339128e-01
2.000000e-01	6.887448e-03	-7.004770e-03	-3.527805e-03	-3.168479e+01	1.821527e+00	3.370559e+01	3.665362e-02	-3.487016e-02	-2.027345e-02	7.438949e+00	-5.570748e+00	1.016843e+01	2.902692e-02	1.207352e-03	-3.540149e-02	-3.361841e+00	-9.031518e+00	4.780532e-01
2.500000e-01	8.789168e-03	-8.750187e-03	-4.631680e-03	-3.291011e+01	2.288926e+00	3.543993e+01	3.805514e-02	-3.475301e-02	-2.200747e-02	7.262095e+00	-6.014018e+00	1.017748e+01	2.816379e-02	2.483206e-03	-3.462353e-02	-3.455468e+00	-8.900604e+00	1.537911e-01
3.000000e-01	1.075851e-02	-1.048696e-02	-5.820421e-03	-3.411438e+01	2.761937e+00	3.715338e+01	3.941408e-02	-3.457340e-02	-2.370188e-02	7.080656e+00	-6.450772e+00	1.017057e+01	2.730980e-02	3.728485e-03	-3.382465e-02	-3.548806e+00	-8.771291e+00	-1.689154e-01
3.500000e-01	1.279336e-02	-1.221202e-02	-7.092011e-03	-3.529811e+01	3.240929e+00	3.884577e+01	4.073080e-02	-3.433275e-02	-2.535563e-02	6.894637e+00	-6.881087e+00	1.014775e+01	2.646239e-02	4.944893e-03	-3.300507e-02	-3.642080e+00	-8.643418e+00	-4.908988e-01
4.000000e-01	1.489164e-02	-1.392238e-02	-8.444380e-03	-3.646183e+01	3.726246e+00	4.051697e+01	4.200549e-02	-3.403238e-02	-2.696767e-02	6.704032e+00	-7.305025e+00	1.010901e+01	2.561856e-02	6.134126e-03	-3.216456e-02	-3.735474e+00	-8.516683e+00	-8.130068e-01
4.500000e-01	1.705124e-02	-1.561509e-02	-9.875404e-03	-3.760617e+01	4.218208e+00	4.216692e+01	4.323820e-02	-3.367354e-02	-2.853692e-02	6.508829e+00	-7.722626e+00	1.005430e+01	2.477489e-02	7.297831e-03	-3.130252e-02	-3.829125e+00	-8.390655e+00	-1.136089e+00
5.000000e-01	1.927008e-02	-1.728728e-02	-1.138290e-02	-3.873175e+01	4.717105e+00	4.379556e+01	4.442877e-02	-3.325740e-02	-3.006225e-02	6.309009e+00	-8.133902e+00	9.983534e+00	2.392765e-02	8.437558e-03	-3.041798e-02	-3.923126e+00	-8.264780e+00	-1.460985e+00
5.500000e-01	2.154605e-02	-1.893612e-02	-1.296463e-02	-3.983928e+01	5.223204e+00	4.540290e+01	4.557685e-02	-3.278506e-02	-3.154246e-02	6.104551e+00	-8.538833e+00	9.896588e+00	2.307276e-02	9.554732e-03	-2.950970e-02	-4.017518e+00	-8.138389e+00	-1.788512e+00
6.000000e-01	2.387700e-02	-2.055884e-02	-1.461829e-02	-4.092946e+01	5.736748e+00	4.698896e+01	4.668186e-02	-3.225754e-02	-3.297627e-02	5.895435e+00	-8.937360e+00	9.793288e+00	2.220587e-02	1.065062e-02	-2.857616e-02	-4.112295e+00	-8.010705e+00	-2.119456e+00
6.500000e-01	2.626075e-02	-2.215269e-02	-1.634150e-02	-4.200303e+01	6.257953e+00	4.855375e+01	4.774299e-02	-3.167582e-02	-3.436232e-02	5.681641e+00	-9.329381e+00	9.673426e+00	2.132238e-02	1.172632e-02	-2.761568e-02	-4.207396e+00	-7.880853e+00	-2.454558e+00
7.000000e-01	2.869508e-02	-2.371501e-02	-1.813182e-02	-4.306074e+01	6.787009e+00	5.009731e+01	4.875920e-02	-3.104082e-02	-3.569916e-02	5.463157e+00	-9.714744e+00	9.536758e+00	2.041746e-02	1.278270e-02	-2.662639e-02	-4.302708e+00	-7.747865e+00	-2.794508e+00
7.500000e-01	3.117768e-02	-2.524314e-02	-1.998672e-02	-4.410335e+01	7.324083e+00	5.161966e+01	4.972919e-02	-3.035346e-02	-3.698524e-02	5.239978e+00	-1.009325e+01	9.383008e+00	1.948610e-02	1.382044e-02	-2.560636e-02	-4.398063e+00	-7.610689e+00	-3.139929e+00
8.000000e-01	3.370619e-02	-2.673448e-02	-2.190359e-02	-4.513163e+01	7.869312e+00	5.312084e+01	5.065140e-02	-2.961458e-02	-3.821889e-02	5.012110e+00	-1.046463e+01	9.211871e+00	1.852315e-02	1.483999e-02	-2.455359e-02	-4.493235e+00	-7.468193e+00	-3.491375e+00
8.500000e-01	3.627815e-02	-2.818647e-02	-2.387972e-02	-4.614637e+01	8.422809e+00	5.460085e+01	5.152402e-02	-2.882506e-02	-3.939836e-02	4.779572e+00	-1.082857e+01	9.023018e+00	1.752332e-02	1.584155e-02	-2.346607e-02	-4.587939e+00	-7.319175e+00	-3.849313e+00
9.000000e-01	3.889100e-02	-2.959660e-02	-2.591233e-02	-4.714835e+01	8.984656e+00	5.605969e+01	5.234494e-02	-2.798576e-02	-4.052178e-02	4.542404e+00	-1.118470e+01	8.816099e+00	1.648125e-02	1.682510e-02	-2.234184e-02	-4.681832e+00	-7.162368e+00	-4.214121e+00
9.500000e-01	4.154204e-02	-3.096239e-02	-2.799853e-02	-4.813834e+01	9.554905e+00	5.749733e+01	5.311183e-02	-2.709755e-02	-4.158720e-02	4.300662e+00	-1.153256e+01	8.590750e+00	1.539151e-02	1.779037e-02	-2.117906e-02	-4.774508e+00	-6.996450e+00	-4.586070e+00
1.000000e+00	4.422848e-02	-3.228141e-02	-3.013531e-02	-4.911713e+01	1.013358e+01	5.891373e+01	5.382203e-02	-2.616133e-02	-4.259256e-02	4.054429e+00	-1.187163e+01	8.346598e+00	1.424869e-02	1.873687e-02	-1.997600e-02	-4.865503e+00	-6.820050e+00	-4.965321e+00
1.050000e+00	4.694736e-02	-3.355126e-02	-3.231957e-02	-5.008549e+01	1.072066e+01	6.030880e+01	5.447265e-02	-2.517804e-02	-4.353575e-02	3.803812e+00	-1.220133e+01	8.083266e+00	1.304741e-02	1.966388e-02	-1.873113e-02	-4.954286e+00	-6.631756e+00	-5.351912e+00
1.100000e+00	4.969556e-02	-3.476960e-02	-3.454809e-02	-5.104419e+01	1.131611e+01	6.168246e+01	5.506053e-02	-2.414865e-02	-4.441457e-02	3.548951e+00	-1.252100e+01	7.800381e+00	1.178236e-02	2.057047e-02	-1.744316e-02	-5.040267e+00	-6.430126e+00	-5.745749e+00
1.150000e+00	5.246980e-02	-3.593414e-02	-3.681755e-02	-5.199399e+01	1.191984e+01	6.303457e+01	5.558224e-02	-2.307421e-02	-4.522676e-02	3.290015e+00	-1.282991e+01	7.497579e+00	1.044838e-02	2.145553e-02	-1.611106e-02	-5.122790e+00	-6.213699e+00	-6.146593e+00
1.200000e+00	5.526662e-02	-3.704264e-02	-3.912449e-02	-5.293566e+01	1.253173e+01	6.436497e+01	5.603410e-02	-2.195583e-02	-4.597003e-02	3.027212e+00	-1.312726e+01	7.174515e+00	9.040511e-03	2.231777e-02	-1.473415e-02	-5.201140e+00	-5.981005e+00	-6.554055e+00
1.250000e+00	5.808236e-02	-3.809293e-02	-4.146535e-02	-5.386994e+01	1.315160e+01	6.567347e+01	5.641220e-02	-2.079469e-02	-4.664209e-02	2.760790e+00	-1.341216e+01	6.830870e+00	7.554050e-03	2.315573e-02	-1.331208e-02	-5.274540e+00	-5.730577e+00	-6.967583e+00
1.300000e+00	6.091314e-02	-3.908287e-02	-4.383644e-02	-5.479757e+01	1.377925e+01	6.695986e+01	5.671240e-02	-1.959205e-02	-4.724063e-02	2.491037e+00	-1.368367e+01	6.466360e+00	5.984623e-03	2.396786e-02	-1.184493e-02	-5.342154e+00	-5.460968e+00	-7.386454e+00
1.350000e+00	6.375490e-02	-4.001043e-02	-4.623397e-02	-5.571930e+01	1.441442e+01	6.822388e+01	5.693038e-02	-1.834927e-02	-4.776335e-02	2.218287e+00	-1.394076e+01	6.080744e+00	4.328259e-03	2.475250e-02	-1.033319e-02	-5.403090e+00	-5.170764e+00	-7.809767e+00
1.400000e+00	6.660332e-02	-4.087361e-02	-4.865401e-02	-5.663583e+01	1.505679e+01	6.946525e+01	5.706163e-02	-1.706779e-02	-4.820801e-02	1.942923e+00	-1.418234e+01	5.673834e+00	2.581473e-03	2.550793e-02	-8.777834e-03	-5.456402e+00	-4.858600e+00	-8.236433e+00
1.450000e+00	6.945385e-02	-4.167052e-02	-5.109254e-02	-5.754789e+01	1.570601e+01	7.068367e+01	5.710147e-02	-1.574915e-02	-4.857246e-02	1.665377e+00	-1.440727e+01	5.245503e+00	7.413488e-04	2.623241e-02	-7.180295e-03	-5.501098e+00	-4.523182e+00	-8.665172e+00
1.500000e+00	7.230174e-02	-4.239933e-02	-5.354542e-02	-5.845617e+01	1.636164e+01	7.187879e+01	5.704514e-02	-1.439497e-02	-4.885460e-02	1.386132e+00	-1.461431e+01	4.795700e+00	-1.194369e-03	2.692422e-02	-5.542528e-03	-5.536142e+00	-4.163305e+00	-9.094505e+00
1.550000e+00	7.514194e-02	-4.305830e-02	-5.600842e-02	-5.936137e+01	1.702322e+01	7.305027e+01	5.688779e-02	-1.300699e-02	-4.905250e-02	1.105728e+00	-1.480221e+01	4.324454e+00	-3.227184e-03	2.758167e-02	-3.867000e-03	-5.560462e+00	-3.777872e+00	-9.522753e+00
1.600000e+00	7.796921e-02	-4.364578e-02	-5.847721e-02	-6.026416e+01	1.769020e+01	7.419773e+01	5.662450e-02	-1.158702e-02	-4.916434e-02	8.247576e-01	-1.496963e+01	3.831888e+00	-5.357750e-03	2.820319e-02	-2.156690e-03	-5.572959e+00	-3.365921e+00	-9.948037e+00
1.650000e+00	8.077802e-02	-4.416023e-02	-6.094738e-02	-6.116520e+01	1.836198e+01	7.532075e+01	5.625041e-02	-1.013696e-02	-4.918851e-02	5.438708e-01	-1.511522e+01	3.318226e+00	-7.585776e-03	2.878730e-02	-4.150882e-04	-5.572513e+00	-2.926644e+00	-1.036828e+01
1.700000e+00	8.356262e-02	-4.460020e-02	-6.341444e-02	-6.206515e+01	1.903787e+01	7.641892e+01	5.576068e-02	-8.658767e-03	-4.912357e-02	2.637736e-01	-1.523758e+01	2.783809e+00	-9.909926e-03	2.933271e-02	1.353820e-03	-5.557998e+00	-2.459414e+00	-1.078119e+01
1.750000e+00	8.631702e-02	-4.496434e-02	-6.587384e-02	-6.296464e+01	1.971714e+01	7.749180e+01	5.515060e-02	-7.154499e-03	-4.896833e-02	-1.477196e-02	-1.533530e+01	2.229096e+00	-1.232773e-02	2.983830e-02	3.145583e-03	-5.528289e+00	-1.963810e+00	-1.118433e+01
1.800000e+00	8.903501e-02	-4.525141e-02	-6.832097e-02	-6.386428e+01	2.039896e+01	7.853897e+01	5.441566e-02	-5.626251e-03	-4.872183e-02	-2.909488e-01	-1.540694e+01	1.654682e+00	-1.483550e-02	3.030319e-02	4.955318e-03	-5.482277e+00	-1.439641e+00	-1.157505e+01
1.850000e+00	9.171016e-02	-4.546028e-02	-7.075120e-02	-6.476467e+01	2.108245e+01	7.955996e+01	5.355156e-02	-4.076171e-03	-4.838339e-02	-5.638867e-01	-1.545108e+01	1.061301e+00	-1.742822e-02	3.072672e-02	6.777759e-03	-5.418885e+00	-8.869706e-01	-1.195055e+01
1.900000e+00	9.433582e-02	-4.558995e-02	-7.315988e-02	-6.566638e+01	2.176664e+01	8.055434e+01	5.255433e-02	-2.506439e-03	-4.795262e-02	-8.326648e-01	-1.546630e+01	4.498326e-01	-2.009953e-02	3.110849e-02	8.607309e-03	-5.337078e+00	-3.061403e-01	-1.230789e+01
1.950000e+00	9.690518e-02	-4.563952e-02	-7.554233e-02	-6.656996e+01	2.245049e+01	8.152166e+01	5.142038e-02	-9.192593e-04	-4.742942e-02	-1.096315e+00	-1.545123e+01	-1.786866e-01	-2.284160e-02	3.144837e-02	1.043811e-02	-5.235885e+00	3.022070e-01	-1.264400e+01
2.000000e+00	9.941127e-02	-4.560820e-02	-7.789390e-02	-6.747594e+01	2.313289e+01	8.246148e+01	5.014658e-02	6.831563e-04	-4.681401e-02	-1.353826e+00	-1.540454e+01	-8.230617e-01	-2.564517e-02	3.174648e-02	1.226413e-02	-5.114412e+00	9.371075e-01	-1.295574e+01
2.050000e+00	1.018470e-01	-4.549534e-02	-8.020997e-02	-6.838480e+01	2.381264e+01	8.337337e+01	4.873032e-02	2.298598e-03	-4.610692e-02	-1.604150e+00	-1.532494e+01	-1.481935e+00	-2.849943e-02	3.200315e-02	1.407921e-02	-4.971859e+00	1.597260e+00	-1.323987e+01
2.100000e+00	1.042051e-01	-4.530038e-02	-8.248593e-02	-6.929702e+01	2.448848e+01	8.425695e+01	4.716960e-02	3.924870e-03	-4.530901e-02	-1.846205e+00	-1.521125e+01	-2.153784e+00	-3.139213e-02	3.221897e-02	1.587718e-02	-4.807540e+00	2.281010e+00	-1.349318e+01
2.150000e+00	1.064783e-01	-4.502289e-02	-8.471726e-02	-7.021301e+01	2.515905e+01	8.511184e+01	4.546313e-02	5.559799e-03	-4.442144e-02	-2.078887e+00	-1.506238e+01	-2.836921e+00	-3.430951e-02	3.239466e-02	1.765197e-02	-4.620900e+00	2.986343e+00	-1.371241e+01
2.200000e+00	1.086593e-01	-4.466257e-02	-8.689952e-02	-7.113316e+01	2.582297e+01	8.593768e+01	4.361032e-02	7.201245e-03	-4.344570e-02	-2.301072e+00	-1.487735e+01	-3.529497e+00	-3.723643e-02	3.253108e-02	1.939762e-02	-4.411531e+00	3.710876e+00	-1.389440e+01
2.250000e+00	1.107409e-01	-4.421921e-02	-8.902833e-02	-7.205783e+01	2.647874e+01	8.673418e+01	4.161145e-02	8.847100e-03	-4.238357e-02	-2.511632e+00	-1.465532e+01	-4.229505e+00	-4.015640e-02	3.262918e-02	2.110845e-02	-4.179187e+00	4.451862e+00	-1.403608e+01
2.300000e+00	1.127157e-01	-4.369273e-02	-9.109943e-02	-7.298730e+01	2.712483e+01	8.750108e+01	3.946766e-02	1.049530e-02	-4.123709e-02	-2.709434e+00	-1.439561e+01	-4.934787e+00	-4.305171e-02	3.268986e-02	2.277912e-02	-3.923805e+00	5.206192e+00	-1.413451e+01
2.350000e+00	1.145765e-01	-4.308316e-02	-9.310869e-02	-7.392183e+01	2.775966e+01	8.823815e+01	3.718101e-02	1.214381e-02	-4.000860e-02	-2.893360e+00	-1.409770e+01	-5.643044e+00	-4.590360e-02	3.271398e-02	2.440468e-02	-3.645509e+00	5.970412e+00	-1.418696e+01
2.400000e+00	1.163165e-01	-4.239062e-02	-9.505211e-02	-7.486162e+01	2.838156e+01	8.894524e+01	3.475457e-02	1.379062e-02	-3.870064e-02	-3.062312e+00	-1.376126e+01	-6.351845e+00	-4.869240e-02	3.270221e-02	2.598065e-02	-3.344631e+00	6.740739e+00	-1.419093e+01
2.450000e+00	1.179287e-01	-4.161537e-02	-9.692580e-02	-7.580680e+01	2.898886e+01	8.962225e+01	3.219242e-02	1.543377e-02	-3.731598e-02	-3.215222e+00	-1.338618e+01	-7.058648e+00	-5.139775e-02	3.265499e-02	2.750306e-02	-3.021715e+00	7.513090e+00	-1.414422e+01
2.500000e+00	1.194067e-01	-4.075775e-02	-9.872607e-02	-7.675746e+01	2.957983e+01	9.026916e+01	2.949966e-02	1.707127e-02	-3.585757e-02	-3.351065e+00	-1.297255e+01	-7.760808e+00	-5.399884e-02	3.257244e-02	2.896850e-02	-2.677524e+00	8.283111e+00	-1.404497e+01
2.550000e+00	1.207441e-01	-3.981824e-02	-1.004494e-01	-7.771361e+01	3.015274e+01	9.088599e+01	2.668248e-02	1.870115e-02	-3.432849e-02	-3.468871e+00	-1.252068e+01	-8.455604e+00	-5.647465e-02	3.245427e-02	3.037413e-02	-2.313045e+00	9.046220e+00	-1.389168e+01
2.600000e+00	1.219351e-01	-3.879741e-02	-1.020923e-01	-7.867520e+01	3.070581e+01	9.147288e+01	2.374809e-02	2.032140e-02	-3.273198e-02	-3.567731e+00	-1.203115e+01	-9.140254e+00	-5.880422e-02	3.229969e-02	3.171766e-02	-1.929488e+00	9.797651e+00	-1.368326e+01
2.650000e+00	1.229742e-01	-3.769594e-02	-1.036516e-01	-7.964210e+01	3.123728e+01	9.203000e+01	2.070475e-02	2.192996e-02	-3.107133e-02	-3.646812e+00	-1.150476e+01	-9.811940e+00	-6.096697e-02	3.210742e-02	3.299734e-02	-1.528285e+00	1.053250e+01	-1.341910e+01
2.700000e+00	1.238564e-01	-3.651464e-02	-1.051243e-01	-8.061413e+01	3.174540e+01	9.255763e+01	1.756172e-02	2.352472e-02	-2.934993e-02	-3.705365e+00	-1.094255e+01	-1.046783e+01	-6.294295e-02	3.187557e-02	3.421191e-02	-1.111080e+00	1.124580e+01	-1.309902e+01
2.750000e+00	1.245771e-01	-3.525441e-02	-1.065075e-01	-8.159102e+01	3.222843e+01	9.305613e+01	1.432921e-02	2.510342e-02	-2.757120e-02	-3.742732e+00	-1.034585e+01	-1.110512e+01	-6.471317e-02	3.160167e-02	3.536057e-02	-6.797240e-01	1.193254e+01	-1.272337e+01
2.800000e+00	1.251323e-01	-3.391631e-02	-1.077986e-01	-8.257242e+01	3.268466e+01	9.352593e+01	1.101834e-02	2.666373e-02	-2.573857e-02	-3.758357e+00	-9.716199e+00	-1.172102e+01	-6.625989e-02	3.128264e-02	3.644285e-02	-2.362581e-01	1.258777e+01	-1.229298e+01
2.850000e+00	1.255188e-01	-3.250150e-02	-1.089949e-01	-8.355790e+01	3.311244e+01	9.396756e+01	7.641037e-03	2.820312e-02	-2.385549e-02	-3.751795e+00	-9.055401e+00	-1.231282e+01	-6.756690e-02	3.091483e-02	3.745857e-02	2.171019e-01	1.320665e+01	-1.180919e+01
2.900000e+00	1.257337e-01	-3.101129e-02	-1.100943e-01	-8.454698e+01	3.351016e+01	9.438163e+01	4.209963e-03	2.971892e-02	-2.192542e-02	-3.722712e+00	-8.365490e+00	-1.287791e+01	-6.861977e-02	3.049403e-02	3.840772e-02	6.779851e-01	1.378449e+01	-1.127386e+01
2.950000e+00	1.257750e-01	-2.944713e-02	-1.110944e-01	-8.553907e+01	3.387630e+01	9.476881e+01	7.384100e-04	3.120824e-02	-1.995177e-02	-3.670897e+00	-7.648724e+00	-1.341378e+01	-6.940612e-02	3.001556e-02	3.929039e-02	1.143888e+00	1.431686e+01	-1.068932e+01
3.000000e+00	1.256412e-01	-2.781063e-02	-1.119935e-01	-8.653352e+01	3.420942e+01	9.512987e+01	-2.759813e-03	3.266800e-02	-1.793798e-02	-3.596259e+00	-6.907571e+00	-1.391808e+01	-6.991581e-02	2.947439e-02	4.010661e-02	1.612199e+00	1.479960e+01	-1.005839e+01
3.050000e+00	1.253318e-01	-2.610356e-02	-1.127896e-01	-8.752960e+01	3.450817e+01	9.546564e+01	-6.270499e-03	3.409486e-02	-1.588747e-02	-3.498836e+00	-6.144692e+00	-1.438860e+01	-7.014111e-02	2.886518e-02	4.085631e-02	2.080227e+00	1.522891e+01	-9.384291e+00
3.100000e+00	1.248467e-01	-2.432784e-02	-1.134812e-01	-8.852652e+01	3.477130e+01	9.577701e+01	-9.779172e-03	3.548530e-02	-1.380366e-02	-3.378792e+00	-5.362918e+00	-1.482333e+01	-7.007689e-02	2.818248e-02	4.153920e-02	2.545228e+00	1.560141e+01	-8.670688e+00
3.150000e+00	1.241867e-01	-2.248561e-02	-1.140667e-01	-8.952340e+01	3.499771e+01	9.606495e+01	-1.327122e-02	3.683552e-02	-1.168999e-02	-3.236418e+00	-4.565233e+00	-1.522047e+01	-6.972063e-02	2.742086e-02	4.215470e-02	3.004438e+00	1.591416e+01	-7.921583e+00
3.200000e+00	1.233533e-01	-2.057917e-02	-1.145450e-01	-9.051931e+01	3.518641e+01	9.633046e+01	-1.673203e-02	3.814152e-02	-9.549951e-03	-3.072131e+00	-3.754742e+00	-1.557843e+01	-6.907256e-02	2.657504e-02	4.270187e-02	3.455104e+00	1.616471e+01	-7.141294e+00
3.250000e+00	1.223488e-01	-1.861103e-02	-1.149149e-01	-9.151325e+01	3.533653e+01	9.657458e+01	-2.014712e-02	3.939909e-02	-7.387075e-03	-2.886472e+00	-2.934653e+00	-1.589586e+01	-6.813560e-02	2.564009e-02	4.317939e-02	3.894513e+00	1.635116e+01	-6.334397e+00
3.300000e+00	1.211761e-01	-1.658391e-02	-1.151755e-01	-9.250417e+01	3.544739e+01	9.679839e+01	-2.350227e-02	4.060385e-02	-5.204974e-03	-2.680098e+00	-2.108240e+00	-1.617165e+01	-6.691536e-02	2.461161e-02	4.358550e-02	4.320028e+00	1.647215e+01	-5.505668e+00
3.350000e+00	1.198387e-01	-1.450073e-02	-1.153261e-01	-9.349098e+01	3.551843e+01	9.700300e+01	-2.678368e-02	4.175122e-02	-3.007359e-03	-2.453785e+00	-1.278823e+00	-1.640495e+01	-6.542005e-02	2.348582e-02	4.391801e-02	4.729117e+00	1.652689e+01	-4.660023e+00
3.400000e+00	1.183412e-01	-1.236464e-02	-1.153662e-01	-9.447250e+01	3.554924e+01	9.718952e+01	-2.997805e-02	4.283653e-02	-7.980567e-04	-2.208414e+00	-4.497355e-01	-1.659515e+01	-6.366030e-02	2.225981e-02	4.417435e-02	5.119383e+00	1.651519e+01	-3.802460e+00
3.450000e+00	1.166883e-01	-1.017901e-02	-1.152955e-01	-9.544757e+01	3.553959e+01	9.735907e+01	-3.307273e-02	4.385503e-02	1.418970e-03	-1.944967e+00	3.757072e-01	-1.674191e+01	-6.164909e-02	2.093161e-02	4.435156e-02	5.488593e+00	1.643742e+01	-2.937992e+00
3.500000e+00	1.148856e-01	-7.947411e-03	-1.151138e-01	-9.641495e+01	3.548941e+01	9.751273e+01	-3.605578e-02	4.480192e-02	3.639607e-03	-1.664522e+00	1.194232e+00	-1.684514e+01	-5.940144e-02	1.950036e-02	4.444638e-02	5.834703e+00	1.629454e+01	-2.071589e+00
3.550000e+00	1.129392e-01	-5.673665e-03	-1.148212e-01	-9.737340e+01	3.539876e+01	9.765160e+01	-3.891612e-02	4.567244e-02	5.859578e-03	-1.368240e+00	2.002639e+00	-1.690500e+01	-5.693422e-02	1.796637e-02	4.445533e-02	6.155882e+00	1.608803e+01	-1.208118e+00
3.600000e+00	1.108558e-01	-3.361793e-03	-1.144180e-01	-9.832162e+01	3.526790e+01	9.777672e+01	-4.164359e-02	4.646189e-02	8.074439e-03	-1.057355e+00	2.797825e+00	-1.692188e+01	-5.426588e-02	1.633120e-02	4.437477e-02	6.450530e+00	1.581992e+01	-3.522873e-01
3.650000e+00	1.086424e-01	-1.016027e-03	-1.139048e-01	-9.925833e+01	3.509722e+01	9.788908e+01	-4.422899e-02	4.716570e-02	1.027958e-02	-7.331691e-01	3.576809e+00	-1.689640e+01	-5.141615e-02	1.459772e-02	4.420103e-02	6.717297e+00	1.549269e+01	4.914103e-01
3.700000e+00	1.063065e-01	1.359196e-03	-1.132823e-01	-1.001822e+02	3.488725e+01	9.798964e+01	-4.666413e-02	4.777950e-02	1.247020e-02	-3.970369e-01	4.336755e+00	-1.682941e+01	-4.840573e-02	1.277010e-02	4.393054e-02	6.955090e+00	1.510927e+01	1.318743e+00
3.750000e+00	1.038560e-01	3.759250e-03	-1.125516e-01	-1.010920e+02	3.463869e+01	9.807926e+01	-4.894193e-02	4.829917e-02	1.464138e-02	-5.035619e-02	5.074991e+00	-1.672193e+01	-4.525601e-02	1.085380e-02	4.355987e-02	7.163081e+00	1.467297e+01	2.125783e+00
3.800000e+00	1.012990e-01	6.179330e-03	-1.117139e-01	-1.019862e+02	3.435235e+01	9.815876e+01	-5.105635e-02	4.872088e-02	1.678803e-02	3.054431e-01	5.789025e+00	-1.657519e+01	-4.198871e-02	8.855529e-03	4.308592e-02	7.340712e+00	1.418743e+01	2.908945e+00
3.850000e+00	9.864404e-02	8.614472e-03	-1.107707e-01	-1.028637e+02	3.402919e+01	9.822886e+01	-5.300246e-02	4.904117e-02	1.890493e-02	6.689107e-01	6.476561e+00	-1.639056e+01	-3.862563e-02	6.783117e-03	4.250598e-02	7.487687e+00	1.365655e+01	3.665015e+00
3.900000e+00	9.589963e-02	1.105957e-02	-1.097239e-01	-1.037230e+02	3.367028e+01	9.829016e+01	-5.477639e-02	4.925697e-02	2.098677e-02	1.038587e+00	7.135506e+00	-1.616956e+01	-3.518831e-02	4.645464e-03	4.181783e-02	7.603973e+00	1.308442e+01	4.391173e+00
3.950000e+00	9.307457e-02	1.350939e-02	-1.085755e-01	-1.045628e+02	3.327680e+01	9.834319e+01	-5.637536e-02	4.936567e-02	2.302818e-02	1.413015e+00	7.763981e+00	-1.591381e+01	-3.169781e-02	2.452378e-03	4.101984e-02	7.689781e+00	1.247530e+01	5.085008e+00
4.000000e+00	9.017773e-02	1.595861e-02	-1.073278e-01	-1.053817e+02	3.285003e+01	9.838835e+01	-5.779756e-02	4.936515e-02	2.502372e-02	1.790750e+00	8.360323e+00	-1.562506e+01	-2.817444e-02	2.144344e-04	4.011106e-02	7.745559e+00	1.183351e+01	5.744524e+00
4.050000e+00	8.721803e-02	1.840182e-02	-1.059834e-01	-1.061784e+02	3.239133e+01	9.842593e+01	-5.904221e-02	4.925377e-02	2.696796e-02	2.170369e+00	8.923089e+00	-1.530510e+01	-2.463755e-02	-2.057183e-03	3.909122e-02	7.771973e+00	1.116337e+01	6.368140e+00
4.100000e+00	8.420437e-02	2.083356e-02	-1.045451e-01	-1.069514e+02	3.190216e+01	9.845608e+01	-6.010939e-02	4.903048e-02	2.885549e-02	2.550485e+00	9.451052e+00	-1.495581e+01	-2.110535e-02	-4.350856e-03	3.796081e-02	7.769884e+00	1.046919e+01	6.954686e+00
4.150000e+00	8.114562e-02	2.324834e-02	-1.030160e-01	-1.076994e+02	3.138404e+01	9.847882e+01	-6.100009e-02	4.869473e-02	3.068098e-02	2.929750e+00	9.943198e+00	-1.457909e+01	-1.759478e-02	-6.654701e-03	3.672110e-02	7.740333e+00	9.755196e+00	7.503381e+00
4.200000e+00	7.805058e-02	2.564068e-02	-1.013996e-01	-1.084208e+02	3.083854e+01	9.849399e+01	-6.171606e-02	4.824657e-02	3.243917e-02	3.306867e+00	1.039872e+01	-1.417685e+01	-1.412137e-02	-8.956740e-03	3.537412e-02	7.684512e+00	9.025452e+00	8.013818e+00
4.250000e+00	7.492791e-02	2.800512e-02	-9.969933e-02	-1.091142e+02	3.026730e+01	9.850132e+01	-6.225978e-02	4.768659e-02	3.412497e-02	3.680594e+00	1.081701e+01	-1.375101e+01	-1.069921e-02	-1.124507e-02	3.392267e-02	7.603747e+00	8.283869e+00	8.485939e+00
4.300000e+00	7.178613e-02	3.033625e-02	-9.791916e-02	-1.097780e+02	2.967197e+01	9.850032e+01	-6.263436e-02	4.701592e-02	3.573344e-02	4.049754e+00	1.119764e+01	-1.330348e+01	-7.340875e-03	-1.350800e-02	3.237026e-02	7.499472e+00	7.534148e+00	8.919997e+00
4.350000e+00	6.863357e-02	3.262873e-02	-9.606315e-02	-1.104105e+02	2.905428e+01	9.849035e+01	-6.284350e-02	4.623627e-02	3.725984e-02	4.413237e+00	1.154036e+01	-1.283613e+01	-4.057423e-03	-1.573420e-02	3.072109e-02	7.373203e+00	6.779759e+00	9.316530e+00
4.400000e+00	6.547836e-02	3.487734e-02	-9.413559e-02	-1.110101e+02	2.841594e+01	9.847055e+01	-6.289136e-02	4.534982e-02	3.869968e-02	4.770006e+00	1.184511e+01	-1.235079e+01	-8.584247e-04	-1.791285e-02	2.898000e-02	7.226522e+00	6.023920e+00	9.676321e+00
4.450000e+00	6.232840e-02	3.707697e-02	-9.214101e-02	-1.115748e+02	2.775870e+01	9.843987e+01	-6.278256e-02	4.435928e-02	4.004872e-02	5.119099e+00	1.211194e+01	-1.184926e+01	2.247995e-03	-2.003367e-02	2.715238e-02	7.061052e+00	5.269588e+00	1.000036e+01
4.500000e+00	5.919134e-02	3.922266e-02	-9.008411e-02	-1.121026e+02	2.708433e+01	9.839698e+01	-6.252204e-02	4.326780e-02	4.130300e-02	5.459630e+00	1.234106e+01	-1.133325e+01	5.255090e-03	-2.208709e-02	2.524413e-02	6.878435e+00	4.519448e+00	1.028979e+01
4.550000e+00	5.607458e-02	4.130963e-02	-8.796976e-02	-1.125914e+02	2.639458e+01	9.834034e+01	-6.211505e-02	4.207900e-02	4.245888e-02	5.790794e+00	1.253279e+01	-1.080442e+01	8.157402e-03	-2.406423e-02	2.326158e-02	6.680318e+00	3.775920e+00	1.054591e+01
4.600000e+00	5.298522e-02	4.333327e-02	-8.580303e-02	-1.130389e+02	2.569123e+01	9.826810e+01	-6.156705e-02	4.079686e-02	4.351303e-02	6.111861e+00	1.268758e+01	-1.026436e+01	1.095066e-02	-2.595701e-02	2.121141e-02	6.468335e+00	3.041155e+00	1.077008e+01
4.650000e+00	4.993012e-02	4.528920e-02	-8.358911e-02	-1.134423e+02	2.497605e+01	9.817810e+01	-6.088369e-02	3.942574e-02	4.446245e-02	6.422181e+00	1.280596e+01	-9.714599e+00	1.363166e-02	-2.775812e-02	1.910059e-02	6.244088e+00	2.317055e+00	1.096373e+01
4.700000e+00	4.691580e-02	4.717324e-02	-8.133331e-02	-1.137989e+02	2.425081e+01	9.806785e+01	-6.007073e-02	3.797034e-02	4.530452e-02	6.721181e+00	1.288855e+01	-9.156578e+00	1.619816e-02	-2.946105e-02	1.693633e-02	6.009140e+00	1.605281e+00	1.112830e+01
4.750000e+00	4.394852e-02	4.898147e-02	-7.904109e-02	-1.141055e+02	2.351727e+01	9.793446e+01	-5.913401e-02	3.643562e-02	4.603693e-02	7.008361e+00	1.293604e+01	-8.591674e+00	1.864873e-02	-3.106010e-02	1.472600e-02	5.764999e+00	9.072751e-01	1.126522e+01
4.800000e+00	4.103423e-02	5.071020e-02	-7.671798e-02	-1.143585e+02	2.277719e+01	9.777460e+01	-5.807944e-02	3.482683e-02	4.665777e-02	7.283294e+00	1.294919e+01	-8.021197e+00	2.098264e-02	-3.255030e-02	1.247709e-02	5.513110e+00	2.242788e-01	1.137587e+01
4.850000e+00	3.817859e-02	5.235602e-02	-7.436959e-02	-1.145539e+02	2.203234e+01	9.758448e+01	-5.691292e-02	3.314941e-02	4.716549e-02	7.545621e+00	1.292881e+01	-7.446391e+00	2.319971e-02	-3.392742e-02	1.019714e-02	5.254850e+00	-4.426396e-01	1.146157e+01
4.900000e+00	3.538694e-02	5.391578e-02	-7.200159e-02	-1.146873e+02	2.128446e+01	9.735975e+01	-5.564036e-02	3.140901e-02	4.755889e-02	7.795048e+00	1.287575e+01	-6.868438e+00	2.530022e-02	-3.518793e-02	7.893782e-03	4.991519e+00	-1.092562e+00	1.152355e+01
4.950000e+00	3.266434e-02	5.538662e-02	-6.961969e-02	-1.147535e+02	2.053533e+01	9.709545e+01	-5.426763e-02	2.961143e-02	4.783717e-02	8.031344e+00	1.279092e+01	-6.288467e+00	2.728478e-02	-3.632893e-02	5.574618e-03	4.724337e+00	-1.724694e+00	1.156293e+01
5.000000e+00	3.001556e-02	5.676597e-02	-6.722965e-02	-1.147471e+02	1.978671e+01	9.678594e+01	-5.280059e-02	2.776259e-02	4.799988e-02	8.254334e+00	1.267524e+01	-5.707559e+00	2.915420e-02	-3.734811e-02	3.247269e-03	4.454444e+00	-2.338336e+00	1.158072e+01


