
".MODEL_1.Last_Run.PART_sl_XFORM.TIME"	".MODEL_1.Last_Run.PART_sl_XFORM.X"	".MODEL_1.Last_Run.PART_sl_XFORM.Y"	".MODEL_1.Last_Run.PART_sl_XFORM.Z"	".MODEL_1.Last_Run.PART_sl_XFORM.PSI"	".MODEL_1.Last_Run.PART_sl_XFORM.THETA"	".MODEL_1.Last_Run.PART_sl_XFORM.PHI"	".MODEL_1.Last_Run.PART_sl_XFORM.VX"	".MODEL_1.Last_Run.PART_sl_XFORM.VY"	".MODEL_1.Last_Run.PART_sl_XFORM.VZ"	".MODEL_1.Last_Run.PART_sl_XFORM.WX"	".MODEL_1.Last_Run.PART_sl_XFORM.WY"	".MODEL_1.Last_Run.PART_sl_XFORM.WZ"	".MODEL_1.Last_Run.PART_sl_XFORM.ACCX"	".MODEL_1.Last_Run.PART_sl_XFORM.ACCY"	".MODEL_1.Last_Run.PART_sl_XFORM.ACCZ"	".MODEL_1.Last_Run.PART_sl_XFORM.WDX"	".MODEL_1.Last_Run.PART_sl_XFORM.WDY"	".MODEL_1.Last_Run.PART_sl_XFORM.WDZ"
0.000000e+00	-2.775558e-17	1.224647e-17	-1.224647e-17	-7.016709e-15	0.000000e+00	0.000000e+00	3.141593e-02	-1.923671e-18	1.923671e-18	0.000000e+00	0.000000e+00	0.000000e+00	2.425652e-02	-1.485284e-18	1.485284e-18	0.000000e+00	0.000000e+00	0.000000e+00
5.000000e-02	1.600580e-03	1.215028e-17	-1.215028e-17	-7.016709e-15	0.000000e+00	0.000000e+00	3.235040e-02	-1.997935e-18	1.997935e-18	0.000000e+00	0.000000e+00	0.000000e+00	2.349919e-02	-1.485284e-18	1.485284e-18	0.000000e+00	0.000000e+00	0.000000e+00
1.000000e-01	3.258488e-03	1.205410e-17	-1.205410e-17	-7.016709e-15	0.000000e+00	0.000000e+00	3.339533e-02	-2.072199e-18	2.072199e-18	0.000000e+00	0.000000e+00	0.000000e+00	1.940951e-02	-1.485284e-18	1.485284e-18	0.000000e+00	0.000000e+00	0.000000e+00
1.500000e-01	4.970686e-03	1.195792e-17	-1.195792e-17	-7.016709e-15	0.000000e+00	0.000000e+00	3.424397e-02	-2.146463e-18	2.146463e-18	0.000000e+00	0.000000e+00	0.000000e+00	1.697267e-02	-1.485284e-18	1.485284e-18	0.000000e+00	0.000000e+00	0.000000e+00
2.000000e-01	6.733609e-03	1.186173e-17	-1.186173e-17	-7.016709e-15	0.000000e+00	0.000000e+00	3.525844e-02	-2.220727e-18	2.220727e-18	0.000000e+00	0.000000e+00	0.000000e+00	2.028950e-02	-1.485284e-18	1.485284e-18	0.000000e+00	0.000000e+00	0.000000e+00
2.500000e-01	8.543972e-03	1.176555e-17	-1.176555e-17	-7.016709e-15	0.000000e+00	0.000000e+00	3.620728e-02	-2.294992e-18	2.294992e-18	0.000000e+00	0.000000e+00	0.000000e+00	1.897670e-02	-1.485284e-18	1.485284e-18	0.000000e+00	0.000000e+00	0.000000e+00
3.000000e-01	1.039855e-02	1.166937e-17	-1.166937e-17	-7.016709e-15	0.000000e+00	0.000000e+00	3.709154e-02	-2.369256e-18	2.369256e-18	0.000000e+00	0.000000e+00	0.000000e+00	1.768529e-02	-1.485284e-18	1.485284e-18	0.000000e+00	0.000000e+00	0.000000e+00
3.500000e-01	1.229416e-02	1.157318e-17	-1.157318e-17	-7.016709e-15	0.000000e+00	0.000000e+00	3.791226e-02	-2.443520e-18	2.443520e-18	0.000000e+00	0.000000e+00	0.000000e+00	1.641446e-02	-1.485284e-18	1.485284e-18	0.000000e+00	0.000000e+00	0.000000e+00
4.000000e-01	1.422768e-02	1.147700e-17	-1.147700e-17	-7.016709e-15	0.000000e+00	0.000000e+00	3.867041e-02	-2.517784e-18	2.517784e-18	0.000000e+00	0.000000e+00	0.000000e+00	1.516301e-02	-1.485284e-18	1.485284e-18	0.000000e+00	0.000000e+00	0.000000e+00
4.500000e-01	1.619603e-02	1.138082e-17	-1.138082e-17	-7.016709e-15	0.000000e+00	0.000000e+00	3.936688e-02	-2.592048e-18	2.592048e-18	0.000000e+00	0.000000e+00	0.000000e+00	1.392933e-02	-1.485284e-18	1.485284e-18	0.000000e+00	0.000000e+00	0.000000e+00
5.000000e-01	1.819615e-02	1.128463e-17	-1.128463e-17	-7.016709e-15	0.000000e+00	0.000000e+00	4.000246e-02	-2.666313e-18	2.666313e-18	0.000000e+00	0.000000e+00	0.000000e+00	1.271153e-02	-1.485284e-18	1.485284e-18	0.000000e+00	0.000000e+00	0.000000e+00
5.500000e-01	2.022504e-02	1.118845e-17	-1.118845e-17	-7.016709e-15	0.000000e+00	0.000000e+00	4.057783e-02	-2.740577e-18	2.740577e-18	0.000000e+00	0.000000e+00	0.000000e+00	1.150745e-02	-1.485284e-18	1.485284e-18	0.000000e+00	0.000000e+00	0.000000e+00
6.000000e-01	2.227972e-02	1.109227e-17	-1.109227e-17	-7.016709e-15	0.000000e+00	0.000000e+00	4.109357e-02	-2.814841e-18	2.814841e-18	0.000000e+00	0.000000e+00	0.000000e+00	1.031477e-02	-1.485284e-18	1.485284e-18	0.000000e+00	0.000000e+00	0.000000e+00
6.500000e-01	2.435723e-02	1.099608e-17	-1.099608e-17	-7.016709e-15	0.000000e+00	0.000000e+00	4.155012e-02	-2.889105e-18	2.889105e-18	0.000000e+00	0.000000e+00	0.000000e+00	9.130981e-03	-1.485284e-18	1.485284e-18	0.000000e+00	0.000000e+00	0.000000e+00
7.000000e-01	2.645462e-02	1.089990e-17	-1.089990e-17	-7.016709e-15	0.000000e+00	0.000000e+00	4.194779e-02	-2.963369e-18	2.963369e-18	0.000000e+00	0.000000e+00	0.000000e+00	7.953517e-03	-1.485284e-18	1.485284e-18	0.000000e+00	0.000000e+00	0.000000e+00
7.500000e-01	2.856895e-02	1.080371e-17	-1.080371e-17	-7.016709e-15	0.000000e+00	0.000000e+00	4.228678e-02	-3.037633e-18	3.037633e-18	0.000000e+00	0.000000e+00	0.000000e+00	6.779732e-03	-1.485284e-18	1.485284e-18	0.000000e+00	0.000000e+00	0.000000e+00
8.000000e-01	3.069731e-02	1.070753e-17	-1.070753e-17	-7.016709e-15	0.000000e+00	0.000000e+00	4.256713e-02	-3.111898e-18	3.111898e-18	0.000000e+00	0.000000e+00	0.000000e+00	5.606967e-03	-1.485284e-18	1.485284e-18	0.000000e+00	0.000000e+00	0.000000e+00
8.500000e-01	3.283675e-02	1.061135e-17	-1.061135e-17	-7.016709e-15	0.000000e+00	0.000000e+00	4.278876e-02	-3.186162e-18	3.186162e-18	0.000000e+00	0.000000e+00	0.000000e+00	4.432577e-03	-1.485284e-18	1.485284e-18	0.000000e+00	0.000000e+00	0.000000e+00
9.000000e-01	3.498432e-02	1.051516e-17	-1.051516e-17	-7.016709e-15	0.000000e+00	0.000000e+00	4.295145e-02	-3.260426e-18	3.260426e-18	0.000000e+00	0.000000e+00	0.000000e+00	3.253971e-03	-1.485284e-18	1.485284e-18	0.000000e+00	0.000000e+00	0.000000e+00
9.500000e-01	3.713707e-02	1.041898e-17	-1.041898e-17	-7.016709e-15	0.000000e+00	0.000000e+00	4.305489e-02	-3.334690e-18	3.334690e-18	0.000000e+00	0.000000e+00	0.000000e+00	2.068635e-03	-1.485284e-18	1.485284e-18	0.000000e+00	0.000000e+00	0.000000e+00
1.000000e+00	3.929199e-02	1.032280e-17	-1.032280e-17	-7.016709e-15	0.000000e+00	0.000000e+00	4.309859e-02	-3.408954e-18	3.408954e-18	0.000000e+00	0.000000e+00	0.000000e+00	8.741630e-04	-1.485284e-18	1.485284e-18	0.000000e+00	0.000000e+00	0.000000e+00
1.050000e+00	4.144610e-02	1.022661e-17	-1.022661e-17	-7.016709e-15	0.000000e+00	0.000000e+00	4.308201e-02	-3.483219e-18	3.483219e-18	0.000000e+00	0.000000e+00	0.000000e+00	-3.317113e-04	-1.485284e-18	1.485284e-18	0.000000e+00	0.000000e+00	0.000000e+00
1.100000e+00	4.359632e-02	1.013043e-17	-1.013043e-17	-7.016709e-15	0.000000e+00	0.000000e+00	4.300445e-02	-3.557483e-18	3.557483e-18	0.000000e+00	0.000000e+00	0.000000e+00	-1.551093e-03	-1.485284e-18	1.485284e-18	0.000000e+00	0.000000e+00	0.000000e+00
1.150000e+00	4.573958e-02	1.003425e-17	-1.003425e-17	-7.016709e-15	0.000000e+00	0.000000e+00	4.286516e-02	-3.631747e-18	3.631747e-18	0.000000e+00	0.000000e+00	0.000000e+00	-2.785898e-03	-1.485284e-18	1.485284e-18	0.000000e+00	0.000000e+00	0.000000e+00
1.200000e+00	4.787274e-02	9.938063e-18	-9.938063e-18	-7.016709e-15	0.000000e+00	0.000000e+00	4.266327e-02	-3.706011e-18	3.706011e-18	0.000000e+00	0.000000e+00	0.000000e+00	-4.037829e-03	-1.485284e-18	1.485284e-18	0.000000e+00	0.000000e+00	0.000000e+00
1.250000e+00	4.999263e-02	9.841880e-18	-9.841880e-18	-7.016709e-15	0.000000e+00	0.000000e+00	4.239785e-02	-3.780275e-18	3.780275e-18	0.000000e+00	0.000000e+00	0.000000e+00	-5.308349e-03	-1.485284e-18	1.485284e-18	0.000000e+00	0.000000e+00	0.000000e+00
1.300000e+00	5.209603e-02	9.745696e-18	-9.745696e-18	-7.016709e-15	0.000000e+00	0.000000e+00	4.206792e-02	-3.854539e-18	3.854539e-18	0.000000e+00	0.000000e+00	0.000000e+00	-6.598660e-03	-1.485284e-18	1.485284e-18	0.000000e+00	0.000000e+00	0.000000e+00
1.350000e+00	5.417965e-02	9.649513e-18	-9.649513e-18	-7.016709e-15	0.000000e+00	0.000000e+00	4.167243e-02	-3.928804e-18	3.928804e-18	0.000000e+00	0.000000e+00	0.000000e+00	-7.909676e-03	-1.485284e-18	1.485284e-18	0.000000e+00	0.000000e+00	0.000000e+00
1.400000e+00	5.624017e-02	9.553329e-18	-9.553329e-18	-7.016709e-15	0.000000e+00	0.000000e+00	4.121033e-02	-4.003068e-18	4.003068e-18	0.000000e+00	0.000000e+00	0.000000e+00	-9.242001e-03	-1.485284e-18	1.485284e-18	0.000000e+00	0.000000e+00	0.000000e+00
1.450000e+00	5.827419e-02	9.457145e-18	-9.457145e-18	-7.016709e-15	0.000000e+00	0.000000e+00	4.068054e-02	-4.077332e-18	4.077332e-18	0.000000e+00	0.000000e+00	0.000000e+00	-1.059591e-02	-1.485284e-18	1.485284e-18	0.000000e+00	0.000000e+00	0.000000e+00
1.500000e+00	6.027829e-02	9.360962e-18	-9.360962e-18	-7.016709e-15	0.000000e+00	0.000000e+00	4.008197e-02	-4.151596e-18	4.151596e-18	0.000000e+00	0.000000e+00	0.000000e+00	-1.197131e-02	-1.485284e-18	1.485284e-18	0.000000e+00	0.000000e+00	0.000000e+00
1.550000e+00	6.224897e-02	9.264778e-18	-9.264778e-18	-7.016709e-15	0.000000e+00	0.000000e+00	3.941358e-02	-4.225860e-18	4.225860e-18	0.000000e+00	0.000000e+00	0.000000e+00	-1.336775e-02	-1.485284e-18	1.485284e-18	0.000000e+00	0.000000e+00	0.000000e+00
1.600000e+00	6.418269e-02	9.168595e-18	-9.168595e-18	-7.016709e-15	0.000000e+00	0.000000e+00	3.867437e-02	-4.300125e-18	4.300125e-18	0.000000e+00	0.000000e+00	0.000000e+00	-1.478436e-02	-1.485284e-18	1.485284e-18	0.000000e+00	0.000000e+00	0.000000e+00
1.650000e+00	6.607586e-02	9.072411e-18	-9.072411e-18	-7.016709e-15	0.000000e+00	0.000000e+00	3.786337e-02	-4.374389e-18	4.374389e-18	0.000000e+00	0.000000e+00	0.000000e+00	-1.621988e-02	-1.485284e-18	1.485284e-18	0.000000e+00	0.000000e+00	0.000000e+00
1.700000e+00	6.792485e-02	8.976228e-18	-8.976228e-18	-7.016709e-15	0.000000e+00	0.000000e+00	3.697974e-02	-4.448653e-18	4.448653e-18	0.000000e+00	0.000000e+00	0.000000e+00	-1.767259e-02	-1.485284e-18	1.485284e-18	0.000000e+00	0.000000e+00	0.000000e+00
1.750000e+00	6.972598e-02	8.880044e-18	-8.880044e-18	-7.016709e-15	0.000000e+00	0.000000e+00	3.602273e-02	-4.522917e-18	4.522917e-18	0.000000e+00	0.000000e+00	0.000000e+00	-1.914033e-02	-1.485284e-18	1.485284e-18	0.000000e+00	0.000000e+00	0.000000e+00
1.800000e+00	7.147557e-02	8.783861e-18	-8.783861e-18	-7.016709e-15	0.000000e+00	0.000000e+00	3.499170e-02	-4.597181e-18	4.597181e-18	0.000000e+00	0.000000e+00	0.000000e+00	-2.062048e-02	-1.485284e-18	1.485284e-18	0.000000e+00	0.000000e+00	0.000000e+00
1.850000e+00	7.316988e-02	8.687677e-18	-8.687677e-18	-7.016709e-15	0.000000e+00	0.000000e+00	3.388620e-02	-4.671446e-18	4.671446e-18	0.000000e+00	0.000000e+00	0.000000e+00	-2.210997e-02	-1.485284e-18	1.485284e-18	0.000000e+00	0.000000e+00	0.000000e+00
1.900000e+00	7.480517e-02	8.591494e-18	-8.591494e-18	-7.016709e-15	0.000000e+00	0.000000e+00	3.270594e-02	-4.745710e-18	4.745710e-18	0.000000e+00	0.000000e+00	0.000000e+00	-2.360522e-02	-1.485284e-18	1.485284e-18	0.000000e+00	0.000000e+00	0.000000e+00
1.950000e+00	7.637772e-02	8.495310e-18	-8.495310e-18	-7.016709e-15	0.000000e+00	0.000000e+00	3.145083e-02	-4.819974e-18	4.819974e-18	0.000000e+00	0.000000e+00	0.000000e+00	-2.510220e-02	-1.485284e-18	1.485284e-18	0.000000e+00	0.000000e+00	0.000000e+00
2.000000e+00	7.788377e-02	8.399127e-18	-8.399127e-18	-7.016709e-15	0.000000e+00	0.000000e+00	3.012101e-02	-4.894238e-18	4.894238e-18	0.000000e+00	0.000000e+00	0.000000e+00	-2.659640e-02	-1.485284e-18	1.485284e-18	0.000000e+00	0.000000e+00	0.000000e+00
2.050000e+00	7.931961e-02	8.302943e-18	-8.302943e-18	-7.016709e-15	0.000000e+00	0.000000e+00	2.871687e-02	-4.968502e-18	4.968502e-18	0.000000e+00	0.000000e+00	0.000000e+00	-2.808288e-02	-1.485284e-18	1.485284e-18	0.000000e+00	0.000000e+00	0.000000e+00
2.100000e+00	8.068156e-02	8.206760e-18	-8.206760e-18	-7.016709e-15	0.000000e+00	0.000000e+00	2.723906e-02	-5.042766e-18	5.042766e-18	0.000000e+00	0.000000e+00	0.000000e+00	-2.955622e-02	-1.485284e-18	1.485284e-18	0.000000e+00	0.000000e+00	0.000000e+00
2.150000e+00	8.196599e-02	8.110576e-18	-8.110576e-18	-7.016709e-15	0.000000e+00	0.000000e+00	2.568853e-02	-5.117031e-18	5.117031e-18	0.000000e+00	0.000000e+00	0.000000e+00	-3.101059e-02	-1.485284e-18	1.485284e-18	0.000000e+00	0.000000e+00	0.000000e+00
2.200000e+00	8.316932e-02	8.014392e-18	-8.014392e-18	-7.016709e-15	0.000000e+00	0.000000e+00	2.406654e-02	-5.191295e-18	5.191295e-18	0.000000e+00	0.000000e+00	0.000000e+00	-3.243980e-02	-1.485284e-18	1.485284e-18	0.000000e+00	0.000000e+00	0.000000e+00
2.250000e+00	8.428805e-02	7.918209e-18	-7.918209e-18	-7.016709e-15	0.000000e+00	0.000000e+00	2.237467e-02	-5.265559e-18	5.265559e-18	0.000000e+00	0.000000e+00	0.000000e+00	-3.383728e-02	-1.485284e-18	1.485284e-18	0.000000e+00	0.000000e+00	0.000000e+00
2.300000e+00	8.531879e-02	7.822025e-18	-7.822025e-18	-7.016709e-15	0.000000e+00	0.000000e+00	2.061487e-02	-5.339823e-18	5.339823e-18	0.000000e+00	0.000000e+00	0.000000e+00	-3.519616e-02	-1.485284e-18	1.485284e-18	0.000000e+00	0.000000e+00	0.000000e+00
2.350000e+00	8.625826e-02	7.725842e-18	-7.725842e-18	-7.016709e-15	0.000000e+00	0.000000e+00	1.878940e-02	-5.414087e-18	5.414087e-18	0.000000e+00	0.000000e+00	0.000000e+00	-3.650932e-02	-1.485284e-18	1.485284e-18	0.000000e+00	0.000000e+00	0.000000e+00
2.400000e+00	8.710331e-02	7.629658e-18	-7.629658e-18	-7.016709e-15	0.000000e+00	0.000000e+00	1.690093e-02	-5.488352e-18	5.488352e-18	0.000000e+00	0.000000e+00	0.000000e+00	-3.776942e-02	-1.485284e-18	1.485284e-18	0.000000e+00	0.000000e+00	0.000000e+00
2.450000e+00	8.785093e-02	7.533475e-18	-7.533475e-18	-7.016709e-15	0.000000e+00	0.000000e+00	1.495248e-02	-5.562616e-18	5.562616e-18	0.000000e+00	0.000000e+00	0.000000e+00	-3.896901e-02	-1.485284e-18	1.485284e-18	0.000000e+00	0.000000e+00	0.000000e+00
2.500000e+00	8.849831e-02	7.437291e-18	-7.437291e-18	-7.016709e-15	0.000000e+00	0.000000e+00	1.294745e-02	-5.636880e-18	5.636880e-18	0.000000e+00	0.000000e+00	0.000000e+00	-4.010057e-02	-1.485284e-18	1.485284e-18	0.000000e+00	0.000000e+00	0.000000e+00
2.550000e+00	8.904279e-02	7.341108e-18	-7.341108e-18	-7.016709e-15	0.000000e+00	0.000000e+00	1.088962e-02	-5.711144e-18	5.711144e-18	0.000000e+00	0.000000e+00	0.000000e+00	-4.115658e-02	-1.485284e-18	1.485284e-18	0.000000e+00	0.000000e+00	0.000000e+00
2.600000e+00	8.948194e-02	7.244924e-18	-7.244924e-18	-7.016709e-15	0.000000e+00	0.000000e+00	8.783140e-03	-5.785408e-18	5.785408e-18	0.000000e+00	0.000000e+00	0.000000e+00	-4.212961e-02	-1.485284e-18	1.485284e-18	0.000000e+00	0.000000e+00	0.000000e+00
2.650000e+00	8.981357e-02	7.148741e-18	-7.148741e-18	-7.016709e-15	0.000000e+00	0.000000e+00	6.632520e-03	-5.859672e-18	5.859672e-18	0.000000e+00	0.000000e+00	0.000000e+00	-4.301241e-02	-1.485284e-18	1.485284e-18	0.000000e+00	0.000000e+00	0.000000e+00
2.700000e+00	9.003570e-02	7.052557e-18	-7.052557e-18	-7.016709e-15	0.000000e+00	0.000000e+00	4.442622e-03	-5.933937e-18	5.933937e-18	0.000000e+00	0.000000e+00	0.000000e+00	-4.379796e-02	-1.485284e-18	1.485284e-18	0.000000e+00	0.000000e+00	0.000000e+00
2.750000e+00	9.014663e-02	6.956374e-18	-6.956374e-18	-7.016709e-15	0.000000e+00	0.000000e+00	2.218642e-03	-6.008201e-18	6.008201e-18	0.000000e+00	0.000000e+00	0.000000e+00	-4.447961e-02	-1.485284e-18	1.485284e-18	0.000000e+00	0.000000e+00	0.000000e+00
2.800000e+00	9.014494e-02	6.860190e-18	-6.860190e-18	-7.016709e-15	0.000000e+00	0.000000e+00	-3.391250e-05	-6.082465e-18	6.082465e-18	0.000000e+00	0.000000e+00	0.000000e+00	-4.505109e-02	-1.485284e-18	1.485284e-18	0.000000e+00	0.000000e+00	0.000000e+00
2.850000e+00	9.002948e-02	6.764007e-18	-6.764007e-18	-7.016709e-15	0.000000e+00	0.000000e+00	-2.309245e-03	-6.156729e-18	6.156729e-18	0.000000e+00	0.000000e+00	0.000000e+00	-4.550664e-02	-1.485284e-18	1.485284e-18	0.000000e+00	0.000000e+00	0.000000e+00
2.900000e+00	8.979941e-02	6.667823e-18	-6.667823e-18	-7.016709e-15	0.000000e+00	0.000000e+00	-4.601299e-03	-6.230993e-18	6.230993e-18	0.000000e+00	0.000000e+00	0.000000e+00	-4.584109e-02	-1.485284e-18	1.485284e-18	0.000000e+00	0.000000e+00	0.000000e+00
2.950000e+00	8.945422e-02	6.571639e-18	-6.571639e-18	-7.016709e-15	0.000000e+00	0.000000e+00	-6.903794e-03	-6.305258e-18	6.305258e-18	0.000000e+00	0.000000e+00	0.000000e+00	-4.604989e-02	-1.485284e-18	1.485284e-18	0.000000e+00	0.000000e+00	0.000000e+00
3.000000e+00	8.899371e-02	6.475456e-18	-6.475456e-18	-7.016709e-15	0.000000e+00	0.000000e+00	-9.210253e-03	-6.379522e-18	6.379522e-18	0.000000e+00	0.000000e+00	0.000000e+00	-4.612918e-02	-1.485284e-18	1.485284e-18	0.000000e+00	0.000000e+00	0.000000e+00
3.050000e+00	8.841801e-02	6.379272e-18	-6.379272e-18	-7.016709e-15	0.000000e+00	0.000000e+00	-1.151405e-02	-6.453786e-18	6.453786e-18	0.000000e+00	0.000000e+00	0.000000e+00	-4.607586e-02	-1.485284e-18	1.485284e-18	0.000000e+00	0.000000e+00	0.000000e+00
3.100000e+00	8.772758e-02	6.283089e-18	-6.283089e-18	-7.016709e-15	0.000000e+00	0.000000e+00	-1.380843e-02	-6.528050e-18	6.528050e-18	0.000000e+00	0.000000e+00	0.000000e+00	-4.588765e-02	-1.485284e-18	1.485284e-18	0.000000e+00	0.000000e+00	0.000000e+00
3.150000e+00	8.692326e-02	6.186905e-18	-6.186905e-18	-7.016709e-15	0.000000e+00	0.000000e+00	-1.608658e-02	-6.602314e-18	6.602314e-18	0.000000e+00	0.000000e+00	0.000000e+00	-4.556306e-02	-1.485284e-18	1.485284e-18	0.000000e+00	0.000000e+00	0.000000e+00
3.200000e+00	8.600617e-02	6.090722e-18	-6.090722e-18	-7.016709e-15	0.000000e+00	0.000000e+00	-1.834165e-02	-6.676579e-18	6.676579e-18	0.000000e+00	0.000000e+00	0.000000e+00	-4.510147e-02	-1.485284e-18	1.485284e-18	0.000000e+00	0.000000e+00	0.000000e+00
3.250000e+00	8.497783e-02	5.994538e-18	-5.994538e-18	-7.016709e-15	0.000000e+00	0.000000e+00	-2.056681e-02	-6.750843e-18	6.750843e-18	0.000000e+00	0.000000e+00	0.000000e+00	-4.450309e-02	-1.485284e-18	1.485284e-18	0.000000e+00	0.000000e+00	0.000000e+00
3.300000e+00	8.384007e-02	5.898355e-18	-5.898355e-18	-7.016709e-15	0.000000e+00	0.000000e+00	-2.275526e-02	-6.825107e-18	6.825107e-18	0.000000e+00	0.000000e+00	0.000000e+00	-4.376900e-02	-1.485284e-18	1.485284e-18	0.000000e+00	0.000000e+00	0.000000e+00
3.350000e+00	8.259505e-02	5.802171e-18	-5.802171e-18	-7.016709e-15	0.000000e+00	0.000000e+00	-2.490031e-02	-6.899371e-18	6.899371e-18	0.000000e+00	0.000000e+00	0.000000e+00	-4.290109e-02	-1.485284e-18	1.485284e-18	0.000000e+00	0.000000e+00	0.000000e+00
3.400000e+00	8.124528e-02	5.705988e-18	-5.705988e-18	-7.016709e-15	0.000000e+00	0.000000e+00	-2.699542e-02	-6.973635e-18	6.973635e-18	0.000000e+00	0.000000e+00	0.000000e+00	-4.190207e-02	-1.485284e-18	1.485284e-18	0.000000e+00	0.000000e+00	0.000000e+00
3.450000e+00	7.979357e-02	5.609804e-18	-5.609804e-18	-7.016709e-15	0.000000e+00	0.000000e+00	-2.903419e-02	-7.047899e-18	7.047899e-18	0.000000e+00	0.000000e+00	0.000000e+00	-4.077538e-02	-1.485284e-18	1.485284e-18	0.000000e+00	0.000000e+00	0.000000e+00
3.500000e+00	7.824305e-02	5.513621e-18	-5.513621e-18	-7.016709e-15	0.000000e+00	0.000000e+00	-3.101045e-02	-7.122164e-18	7.122164e-18	0.000000e+00	0.000000e+00	0.000000e+00	-3.952518e-02	-1.485284e-18	1.485284e-18	0.000000e+00	0.000000e+00	0.000000e+00
3.550000e+00	7.659714e-02	5.417437e-18	-5.417437e-18	-7.016709e-15	0.000000e+00	0.000000e+00	-3.291826e-02	-7.196428e-18	7.196428e-18	0.000000e+00	0.000000e+00	0.000000e+00	-3.815626e-02	-1.485284e-18	1.485284e-18	0.000000e+00	0.000000e+00	0.000000e+00
3.600000e+00	7.485954e-02	5.321253e-18	-5.321253e-18	-7.016709e-15	0.000000e+00	0.000000e+00	-3.475196e-02	-7.270692e-18	7.270692e-18	0.000000e+00	0.000000e+00	0.000000e+00	-3.667399e-02	-1.485284e-18	1.485284e-18	0.000000e+00	0.000000e+00	0.000000e+00
3.650000e+00	7.303423e-02	5.225070e-18	-5.225070e-18	-7.016709e-15	0.000000e+00	0.000000e+00	-3.650617e-02	-7.344956e-18	7.344956e-18	0.000000e+00	0.000000e+00	0.000000e+00	-3.508422e-02	-1.485284e-18	1.485284e-18	0.000000e+00	0.000000e+00	0.000000e+00
3.700000e+00	7.112544e-02	5.128886e-18	-5.128886e-18	-7.016709e-15	0.000000e+00	0.000000e+00	-3.817583e-02	-7.419220e-18	7.419220e-18	0.000000e+00	0.000000e+00	0.000000e+00	-3.339323e-02	-1.485284e-18	1.485284e-18	0.000000e+00	0.000000e+00	0.000000e+00
3.750000e+00	6.913763e-02	5.032703e-18	-5.032703e-18	-7.016709e-15	0.000000e+00	0.000000e+00	-3.975621e-02	-7.493485e-18	7.493485e-18	0.000000e+00	0.000000e+00	0.000000e+00	-3.160765e-02	-1.485284e-18	1.485284e-18	0.000000e+00	0.000000e+00	0.000000e+00
3.800000e+00	6.707548e-02	4.936519e-18	-4.936519e-18	-7.016709e-15	0.000000e+00	0.000000e+00	-4.124293e-02	-7.567749e-18	7.567749e-18	0.000000e+00	0.000000e+00	0.000000e+00	-2.973432e-02	-1.485284e-18	1.485284e-18	0.000000e+00	0.000000e+00	0.000000e+00
3.850000e+00	6.494389e-02	4.840336e-18	-4.840336e-18	-7.016709e-15	0.000000e+00	0.000000e+00	-4.263194e-02	-7.642013e-18	7.642013e-18	0.000000e+00	0.000000e+00	0.000000e+00	-2.778031e-02	-1.485284e-18	1.485284e-18	0.000000e+00	0.000000e+00	0.000000e+00
3.900000e+00	6.274791e-02	4.744152e-18	-4.744152e-18	-7.016709e-15	0.000000e+00	0.000000e+00	-4.391958e-02	-7.716277e-18	7.716277e-18	0.000000e+00	0.000000e+00	0.000000e+00	-2.575277e-02	-1.485284e-18	1.485284e-18	0.000000e+00	0.000000e+00	0.000000e+00
3.950000e+00	6.049278e-02	4.647969e-18	-4.647969e-18	-7.016709e-15	0.000000e+00	0.000000e+00	-4.510253e-02	-7.790541e-18	7.790541e-18	0.000000e+00	0.000000e+00	0.000000e+00	-2.365888e-02	-1.485284e-18	1.485284e-18	0.000000e+00	0.000000e+00	0.000000e+00
4.000000e+00	5.818389e-02	4.551785e-18	-4.551785e-18	-7.016709e-15	0.000000e+00	0.000000e+00	-4.617782e-02	-7.864805e-18	7.864805e-18	0.000000e+00	0.000000e+00	0.000000e+00	-2.150582e-02	-1.485284e-18	1.485284e-18	0.000000e+00	0.000000e+00	0.000000e+00
4.050000e+00	5.582675e-02	4.455602e-18	-4.455602e-18	-7.016709e-15	0.000000e+00	0.000000e+00	-4.714285e-02	-7.939070e-18	7.939070e-18	0.000000e+00	0.000000e+00	0.000000e+00	-1.930065e-02	-1.485284e-18	1.485284e-18	0.000000e+00	0.000000e+00	0.000000e+00
4.100000e+00	5.342698e-02	4.359418e-18	-4.359418e-18	-7.016709e-15	0.000000e+00	0.000000e+00	-4.799537e-02	-8.013334e-18	8.013334e-18	0.000000e+00	0.000000e+00	0.000000e+00	-1.705036e-02	-1.485284e-18	1.485284e-18	0.000000e+00	0.000000e+00	0.000000e+00
4.150000e+00	5.099031e-02	4.263235e-18	-4.263235e-18	-7.016709e-15	0.000000e+00	0.000000e+00	-4.873346e-02	-8.087598e-18	8.087598e-18	0.000000e+00	0.000000e+00	0.000000e+00	-1.476173e-02	-1.485284e-18	1.485284e-18	0.000000e+00	0.000000e+00	0.000000e+00
4.200000e+00	4.852253e-02	4.167051e-18	-4.167051e-18	-7.016709e-15	0.000000e+00	0.000000e+00	-4.935552e-02	-8.161862e-18	8.161862e-18	0.000000e+00	0.000000e+00	0.000000e+00	-1.244137e-02	-1.485284e-18	1.485284e-18	0.000000e+00	0.000000e+00	0.000000e+00
4.250000e+00	4.602951e-02	4.070868e-18	-4.070868e-18	-7.016709e-15	0.000000e+00	0.000000e+00	-4.986031e-02	-8.236126e-18	8.236126e-18	0.000000e+00	0.000000e+00	0.000000e+00	-1.009569e-02	-1.485284e-18	1.485284e-18	0.000000e+00	0.000000e+00	0.000000e+00
4.300000e+00	4.351717e-02	3.974684e-18	-3.974684e-18	-7.016709e-15	0.000000e+00	0.000000e+00	-5.024685e-02	-8.310391e-18	8.310391e-18	0.000000e+00	0.000000e+00	0.000000e+00	-7.730857e-03	-1.485284e-18	1.485284e-18	0.000000e+00	0.000000e+00	0.000000e+00
4.350000e+00	4.099145e-02	3.878500e-18	-3.878500e-18	-7.016709e-15	0.000000e+00	0.000000e+00	-5.051449e-02	-8.384655e-18	8.384655e-18	0.000000e+00	0.000000e+00	0.000000e+00	-5.352843e-03	-1.485284e-18	1.485284e-18	0.000000e+00	0.000000e+00	0.000000e+00
4.400000e+00	3.845830e-02	3.782317e-18	-3.782317e-18	-7.016709e-15	0.000000e+00	0.000000e+00	-5.066286e-02	-8.458919e-18	8.458919e-18	0.000000e+00	0.000000e+00	0.000000e+00	-2.967390e-03	-1.485284e-18	1.485284e-18	0.000000e+00	0.000000e+00	0.000000e+00
4.450000e+00	3.592371e-02	3.686133e-18	-3.686133e-18	-7.016709e-15	0.000000e+00	0.000000e+00	-5.069186e-02	-8.533183e-18	8.533183e-18	0.000000e+00	0.000000e+00	0.000000e+00	-5.800447e-04	-1.485284e-18	1.485284e-18	0.000000e+00	0.000000e+00	0.000000e+00
4.500000e+00	3.339363e-02	3.589950e-18	-3.589950e-18	-7.016709e-15	0.000000e+00	0.000000e+00	-5.060167e-02	-8.607447e-18	8.607447e-18	0.000000e+00	0.000000e+00	0.000000e+00	1.803826e-03	-1.485284e-18	1.485284e-18	0.000000e+00	0.000000e+00	0.000000e+00
4.550000e+00	3.087399e-02	3.493766e-18	-3.493766e-18	-7.016709e-15	0.000000e+00	0.000000e+00	-5.039272e-02	-8.681712e-18	8.681712e-18	0.000000e+00	0.000000e+00	0.000000e+00	4.179002e-03	-1.485284e-18	1.485284e-18	0.000000e+00	0.000000e+00	0.000000e+00
4.600000e+00	2.837071e-02	3.397583e-18	-3.397583e-18	-7.016709e-15	0.000000e+00	0.000000e+00	-5.006570e-02	-8.755976e-18	8.755976e-18	0.000000e+00	0.000000e+00	0.000000e+00	6.540382e-03	-1.485284e-18	1.485284e-18	0.000000e+00	0.000000e+00	0.000000e+00
4.650000e+00	2.588963e-02	3.301399e-18	-3.301399e-18	-7.016709e-15	0.000000e+00	0.000000e+00	-4.962156e-02	-8.830240e-18	8.830240e-18	0.000000e+00	0.000000e+00	0.000000e+00	8.882940e-03	-1.485284e-18	1.485284e-18	0.000000e+00	0.000000e+00	0.000000e+00
4.700000e+00	2.343655e-02	3.205216e-18	-3.205216e-18	-7.016709e-15	0.000000e+00	0.000000e+00	-4.906147e-02	-8.904504e-18	8.904504e-18	0.000000e+00	0.000000e+00	0.000000e+00	1.120169e-02	-1.485284e-18	1.485284e-18	0.000000e+00	0.000000e+00	0.000000e+00
4.750000e+00	2.101721e-02	3.109032e-18	-3.109032e-18	-7.016709e-15	0.000000e+00	0.000000e+00	-4.838689e-02	-8.978768e-18	8.978768e-18	0.000000e+00	0.000000e+00	0.000000e+00	1.349162e-02	-1.485284e-18	1.485284e-18	0.000000e+00	0.000000e+00	0.000000e+00
4.800000e+00	1.863723e-02	3.012849e-18	-3.012849e-18	-7.016709e-15	0.000000e+00	0.000000e+00	-4.759951e-02	-9.053032e-18	9.053032e-18	0.000000e+00	0.000000e+00	0.000000e+00	1.574767e-02	-1.485284e-18	1.485284e-18	0.000000e+00	0.000000e+00	0.000000e+00
4.850000e+00	1.630217e-02	2.916665e-18	-2.916665e-18	-7.016709e-15	0.000000e+00	0.000000e+00	-4.670127e-02	-9.127297e-18	9.127297e-18	0.000000e+00	0.000000e+00	0.000000e+00	1.796469e-02	-1.485284e-18	1.485284e-18	0.000000e+00	0.000000e+00	0.000000e+00
4.900000e+00	1.401745e-02	2.820482e-18	-2.820482e-18	-7.016709e-15	0.000000e+00	0.000000e+00	-4.569441e-02	-9.201561e-18	9.201561e-18	0.000000e+00	0.000000e+00	0.000000e+00	2.013737e-02	-1.485284e-18	1.485284e-18	0.000000e+00	0.000000e+00	0.000000e+00
4.950000e+00	1.178838e-02	2.724298e-18	-2.724298e-18	-7.016709e-15	0.000000e+00	0.000000e+00	-4.458140e-02	-9.275825e-18	9.275825e-18	0.000000e+00	0.000000e+00	0.000000e+00	2.226021e-02	-1.485284e-18	1.485284e-18	0.000000e+00	0.000000e+00	0.000000e+00
5.000000e+00	9.620129e-03	2.628115e-18	-2.628115e-18	-7.016709e-15	0.000000e+00	0.000000e+00	-4.336502e-02	-9.350089e-18	9.350089e-18	0.000000e+00	0.000000e+00	0.000000e+00	2.432750e-02	-1.485284e-18	1.485284e-18	0.000000e+00	0.000000e+00	0.000000e+00


